INFO: 2024-03-26 12:13:09,446: Data
INFO: 2024-03-26 12:13:09,448: Data shape (110527, 14)
INFO: 2024-03-26 12:13:09,470: Percentage of women: 0.653882342398853
INFO: 2024-03-26 12:13:09,491: Percentage of men: 0.346117657601147
ERROR: 2024-03-26 12:14:55,533: Data shape is incorrect!
